PLOP                                            
 Alfa =   0.00000 Re =        0.000 Xflap,Yflap =     0.000000    0.000000
#    x        y        Cp  
   1.10873 -0.02773  0.30534
   1.10270 -0.02579  0.09833
   1.09104 -0.02220  0.00699
   1.07704 -0.01814 -0.06801
   1.06264 -0.01418 -0.12153
   1.04812 -0.01040 -0.16759
   1.03356 -0.00683 -0.19847
   1.01892 -0.00344 -0.22865
   1.00457 -0.00038 -0.21039
   0.99044  0.00265 -0.21007
   0.97601  0.00586 -0.27634
   0.96116  0.00899 -0.29108
   0.94626  0.01202 -0.31509
   0.93132  0.01493 -0.33309
   0.91635  0.01773 -0.34940
   0.90135  0.02042 -0.36415
   0.88633  0.02301 -0.37828
   0.87128  0.02551 -0.39060
   0.85621  0.02790 -0.40210
   0.84112  0.03020 -0.41304
   0.82600  0.03241 -0.42225
   0.81087  0.03453 -0.43201
   0.79573  0.03656 -0.44019
   0.78056  0.03850 -0.44906
   0.76539  0.04036 -0.45650
   0.75020  0.04214 -0.46386
   0.73499  0.04384 -0.47125
   0.71978  0.04546 -0.47831
   0.70455  0.04700 -0.48443
   0.68931  0.04847 -0.49124
   0.67407  0.04986 -0.49691
   0.65881  0.05117 -0.50319
   0.64355  0.05242 -0.50838
   0.62828  0.05358 -0.51461
   0.61300  0.05468 -0.52007
   0.59772  0.05570 -0.52516
   0.58243  0.05666 -0.53075
   0.56714  0.05754 -0.53678
   0.55184  0.05835 -0.54172
   0.53654  0.05909 -0.54806
   0.52124  0.05975 -0.55353
   0.50594  0.06034 -0.55932
   0.49064  0.06086 -0.56473
   0.47534  0.06130 -0.57134
   0.46004  0.06167 -0.57652
   0.44474  0.06195 -0.58300
   0.42945  0.06215 -0.58848
   0.41416  0.06227 -0.59473
   0.39887  0.06231 -0.60060
   0.38359  0.06226 -0.60689
   0.36832  0.06212 -0.61256
   0.35305  0.06188 -0.61898
   0.33779  0.06155 -0.62519
   0.32255  0.06112 -0.63131
   0.30731  0.06059 -0.63770
   0.29209  0.05995 -0.64398
   0.27689  0.05920 -0.65050
   0.26171  0.05833 -0.65664
   0.24655  0.05733 -0.66336
   0.23142  0.05620 -0.66934
   0.21631  0.05494 -0.67570
   0.20125  0.05352 -0.68145
   0.18623  0.05195 -0.68708
   0.17125  0.05021 -0.69121
   0.15632  0.04828 -0.69450
   0.14144  0.04617 -0.69731
   0.12662  0.04385 -0.70062
   0.11189  0.04132 -0.70401
   0.09726  0.03856 -0.70897
   0.08278  0.03554 -0.71575
   0.06849  0.03222 -0.72512
   0.05450  0.02858 -0.73948
   0.04099  0.02457 -0.76013
   0.02842  0.02021 -0.79148
   0.01784  0.01576 -0.83388
   0.01042  0.01184 -0.87470
   0.00582  0.00871 -0.89065
   0.00301  0.00617 -0.84565
   0.00130  0.00400 -0.68692
   0.00035  0.00205 -0.33842
   0.00001  0.00031  0.07466
   0.00034 -0.00135  0.72100
   0.00155 -0.00304  0.99557
   0.00356 -0.00480  0.96125
   0.00670 -0.00683  0.84611
   0.01172 -0.00936  0.70126
   0.01984 -0.01257  0.55042
   0.03122 -0.01616  0.42305
   0.04442 -0.01954  0.33128
   0.05839 -0.02254  0.26690
   0.07279 -0.02520  0.22234
   0.08746 -0.02759  0.18746
   0.10231 -0.02977  0.15849
   0.11725 -0.03178  0.13328
   0.13228 -0.03362  0.11113
   0.14735 -0.03532  0.09113
   0.16245 -0.03689  0.07293
   0.17758 -0.03834  0.05593
   0.19273 -0.03966  0.04029
   0.20789 -0.04086  0.02534
   0.22306 -0.04194  0.01157
   0.23822 -0.04289 -0.00129
   0.25338 -0.04371 -0.01292
   0.26853 -0.04439 -0.02303
   0.28368 -0.04493 -0.03076
   0.29883 -0.04532 -0.03690
   0.31398 -0.04557 -0.04092
   0.32913 -0.04567 -0.04322
   0.34428 -0.04562 -0.04342
   0.35944 -0.04542 -0.04140
   0.37460 -0.04509 -0.03795
   0.38977 -0.04461 -0.03251
   0.40494 -0.04400 -0.02547
   0.42012 -0.04326 -0.01680
   0.43531 -0.04239 -0.00703
   0.45051 -0.04141  0.00457
   0.46571 -0.04032  0.01712
   0.48094 -0.03913  0.03124
   0.49619 -0.03785  0.04611
   0.51145 -0.03649  0.06136
   0.52674 -0.03508  0.07632
   0.54204 -0.03360  0.09159
   0.55736 -0.03209  0.10704
   0.57270 -0.03054  0.12190
   0.58804 -0.02897  0.13733
   0.60341 -0.02738  0.15171
   0.61878 -0.02577  0.16695
   0.63416 -0.02417  0.18148
   0.64954 -0.02256  0.19686
   0.66491 -0.02097  0.21219
   0.68028 -0.01938  0.22782
   0.69563 -0.01782  0.24467
   0.71098 -0.01627  0.26435
   0.72625 -0.01475  0.28297
   0.74131 -0.01326  0.31901
   0.75574 -0.01199  0.36416
   0.77004 -0.01124  0.36384
   0.78480 -0.01091  0.34818
   0.79979 -0.01082  0.33667
   0.81492 -0.01091  0.32564
   0.83013 -0.01114  0.31600
   0.84538 -0.01148  0.30753
   0.86067 -0.01190  0.30009
   0.87598 -0.01241  0.29333
   0.89131 -0.01298  0.28812
   0.90664 -0.01361  0.28265
   0.92199 -0.01430  0.27894
   0.93733 -0.01504  0.27427
   0.95268 -0.01583  0.27006
   0.96809 -0.01665  0.26655
   0.98349 -0.01750  0.26691
   0.99888 -0.01837  0.26809
   1.01426 -0.01926  0.27276
   1.02959 -0.02019  0.27912
   1.04484 -0.02117  0.29537
   1.05953 -0.02229  0.31961
   1.07414 -0.02380  0.30581
   1.08853 -0.02557  0.30696
   1.10203 -0.02758  0.29368
   1.10863 -0.02873  0.30534
