# automatic file generation mares-xfoil
1.108734000000000000000 -0.027733800000000000000
1.091831000000000000000 -0.022441280000000000000
1.078342000000000000000 -0.018513090000000000000
1.064802000000000000000 -0.014761810000000000000
1.051214000000000000000 -0.011188110000000000000
1.037580000000000000000 -0.007792590000000000000
1.023903000000000000000 -0.004575787000000000000
1.010186000000000000000 -0.001538329000000000000
0.996429300000000000000 0.001319289000000000000
0.982709400000000000000 0.004392688000000000000
0.968963600000000000000 0.007357142000000000000
0.955197800000000000000 0.010215840000000000000
0.941410700000000000000 0.012973270000000000000
0.927603600000000000000 0.015632980000000000000
0.913778500000000000000 0.018198060000000000000
0.899937600000000000000 0.020671440000000000000
0.886081300000000000000 0.023056070000000000000
0.872209900000000000000 0.025354710000000000000
0.858324200000000000000 0.027569830000000000000
0.844426700000000000000 0.029703460000000000000
0.830517500000000000000 0.031757840000000000000
0.816597000000000000000 0.033735000000000000000
0.802665100000000000000 0.035636890000000000000
0.788723800000000000000 0.037465040000000000000
0.774774000000000000000 0.039221010000000000000
0.760815300000000000000 0.040906360000000000000
0.746847300000000000000 0.042522560000000000000
0.732872700000000000000 0.044070640000000000000
0.718889400000000000000 0.045552040000000000000
0.704901500000000000000 0.046967400000000000000
0.690905500000000000000 0.048318100000000000000
0.676903800000000000000 0.049604800000000000000
0.662897100000000000000 0.050828280000000000000
0.648884900000000000000 0.051989280000000000000
0.634867000000000000000 0.053088500000000000000
0.620844500000000000000 0.054126360000000000000
0.606818400000000000000 0.055103280000000000000
0.592788300000000000000 0.056019650000000000000
0.578753700000000000000 0.056875820000000000000
0.564715100000000000000 0.057671920000000000000
0.550674200000000000000 0.058407910000000000000
0.536630200000000000000 0.059083320000000000000
0.522583200000000000000 0.059697490000000000000
0.508533300000000000000 0.060249650000000000000
0.494481100000000000000 0.060738900000000000000
0.472411500000000000000 0.061377820000000000000
0.450380000000000000000 0.061854190000000000000
0.428428600000000000000 0.062163530000000000000
0.406601500000000000000 0.062301860000000000000
0.384942200000000000000 0.062265850000000000000
0.363491400000000000000 0.062052680000000000000
0.342292500000000000000 0.061660140000000000000
0.321388800000000000000 0.061086630000000000000
0.300819700000000000000 0.060331100000000000000
0.280626700000000000000 0.059393140000000000000
0.260852400000000000000 0.058273160000000000000
0.241534200000000000000 0.056972040000000000000
0.222711200000000000000 0.055491500000000000000
0.204424500000000000000 0.053834350000000000000
0.186709200000000000000 0.052003930000000000000
0.169600900000000000000 0.050004970000000000000
0.153138300000000000000 0.047849400000000000000
0.137353000000000000000 0.045553350000000000000
0.122272600000000000000 0.043132090000000000000
0.107932100000000000000 0.040601690000000000000
0.094363610000000000000 0.037977660000000000000
0.081587000000000000000 0.035272770000000000000
0.069631960000000000000 0.032501210000000000000
0.058530030000000000000 0.029677520000000000000
0.048304670000000000000 0.026814040000000000000
0.038972360000000000000 0.023920170000000000000
0.030564300000000000000 0.021008830000000000000
0.023113940000000000000 0.018093840000000000000
0.016643660000000000000 0.015184440000000000000
0.011178660000000000000 0.012288930000000000000
0.006771450000000000000 0.009431507000000000000
0.003480554000000000000 0.006659504000000000000
0.001343118000000000000 0.004071678000000000000
0.000303057000000000000 0.001905914000000000000
0.000020462930000000000 0.000490150000000000000
0.000000000000000000000 0.000000000000000000000
0.000080280780000000000 -0.000636924200000000000
0.000965113700000000000 -0.002346955000000000000
0.003250874000000000000 -0.004558042000000000000
0.006999314000000000000 -0.006997297000000000000
0.012102240000000000000 -0.009525038000000000000
0.018554590000000000000 -0.012109480000000000000
0.026273110000000000000 -0.014694260000000000000
0.035232650000000000000 -0.017255150000000000000
0.045404240000000000000 -0.019769250000000000000
0.056731900000000000000 -0.022211340000000000000
0.069160220000000000000 -0.024564500000000000000
0.082644690000000000000 -0.026837380000000000000
0.097144570000000000000 -0.029040200000000000000
0.112601300000000000000 -0.031171660000000000000
0.128957200000000000000 -0.033225590000000000000
0.146153000000000000000 -0.035192080000000000000
0.164127600000000000000 -0.037057980000000000000
0.182818300000000000000 -0.038807100000000000000
0.202166700000000000000 -0.040420360000000000000
0.222115000000000000000 -0.041874540000000000000
0.242579400000000000000 -0.043139430000000000000
0.263493100000000000000 -0.044179950000000000000
0.284788400000000000000 -0.044963160000000000000
0.306387100000000000000 -0.045464160000000000000
0.328214400000000000000 -0.045665930000000000000
0.350192200000000000000 -0.045560290000000000000
0.372241600000000000000 -0.045148640000000000000
0.386281300000000000000 -0.044731650000000000000
0.400317500000000000000 -0.044198580000000000000
0.414349800000000000000 -0.043553760000000000000
0.428377000000000000000 -0.042802140000000000000
0.442398600000000000000 -0.041949020000000000000
0.456413500000000000000 -0.041000040000000000000
0.470421400000000000000 -0.039961630000000000000
0.484423000000000000000 -0.038843390000000000000
0.498419600000000000000 -0.037655380000000000000
0.512411200000000000000 -0.036407240000000000000
0.526397900000000000000 -0.035107970000000000000
0.540380300000000000000 -0.033765980000000000000
0.554359200000000000000 -0.032388910000000000000
0.568335800000000000000 -0.030983850000000000000
0.582309900000000000000 -0.029557350000000000000
0.596282400000000000000 -0.028115280000000000000
0.610254000000000000000 -0.026662980000000000000
0.624224700000000000000 -0.025205340000000000000
0.638195600000000000000 -0.023746640000000000000
0.652167000000000000000 -0.022290790000000000000
0.666138500000000000000 -0.020841360000000000000
0.680111600000000000000 -0.019401320000000000000
0.694089900000000000000 -0.017973090000000000000
0.708054500000000000000 -0.016561040000000000000
0.722032300000000000000 -0.015164750000000000000
0.736030500000000000000 -0.013787110000000000000
0.749999100000000000000 -0.012437250000000000000
0.764058900000000000000 -0.011485880000000000000
0.778088700000000000000 -0.011023060000000000000
0.792136500000000000000 -0.010837040000000000000
0.806199100000000000000 -0.010837570000000000000
0.820262800000000000000 -0.010975490000000000000
0.834319900000000000000 -0.011220400000000000000
0.848386700000000000000 -0.011552590000000000000
0.862450700000000000000 -0.011957850000000000000
0.876498000000000000000 -0.012425580000000000000
0.890553500000000000000 -0.012949180000000000000
0.904608700000000000000 -0.013522960000000000000
0.918661100000000000000 -0.014143020000000000000
0.932691500000000000000 -0.014806250000000000000
0.947520300000000000000 -0.015555160000000000000
0.963044900000000000000 -0.016381180000000000000
0.975063100000000000000 -0.017033830000000000000
0.989205100000000000000 -0.017817720000000000000
1.003120000000000000000 -0.018608470000000000000
1.016953000000000000000 -0.019418290000000000000
1.031018000000000000000 -0.020274770000000000000
1.044615000000000000000 -0.021154300000000000000
1.059036000000000000000 -0.022242930000000000000
1.071477000000000000000 -0.023503430000000000000
1.083907000000000000000 -0.024966840000000000000
1.101421000000000000000 -0.027485570000000000000
1.108629000000000000000 -0.028728320000000000000
